0.0,1096.1
5.0,1069.5
10.0,1007.9
15.0,1031.3
20.0,1056.4
25.0,1004.0
30.0,1051.8
35.0,1069.1
40.0,1099.1
45.0,1050.7
50.0,1036.4
55.0,1088.1
60.0,1094.9
65.0,1054.3
70.0,1024.9
75.0,1074.0
80.0,1093.2
85.0,1038.6
90.0,1092.4
95.0,1090.2
100.0,1052.3
105.0,1071.7
110.0,1096.0
115.0,1065.0
120.0,1111.7
125.0,1098.3
130.0,1014.2
135.0,1073.1
140.0,1071.7
145.0,1111.5
150.0,1126.6
155.0,1117.7
160.0,1104.7
165.0,1040.2
170.0,1033.3
175.0,1071.2
180.0,1126.5
185.0,1040.7
190.0,1037.1
195.0,1124.9
200.0,1121.6
205.0,1099.2
210.0,1097.7
215.0,1036.6
220.0,1108.8
225.0,1088.5
230.0,1057.5
235.0,1038.9
240.0,1031.8
245.0,1094.2
250.0,1108.4
255.0,1075.3
260.0,1053.9
265.0,1115.9
270.0,1045.1
275.0,1123.2
280.0,1068.6
285.0,1117.5
290.0,1076.7
295.0,1114.1
300.0,1142.7
305.0,1081.6
310.0,1049.7
315.0,1133.1
320.0,1128.1
325.0,1040.1
330.0,1146.3
335.0,1147.4
340.0,1079.4
345.0,1037.5
350.0,1062.7
355.0,1077.3
360.0,1081.0
365.0,1040.6
370.0,1143.5
375.0,1065.6
380.0,1060.1
385.0,1059.1
390.0,1134.3
395.0,1105.2
400.0,1116.2
405.0,1048.2
410.0,1057.5
415.0,1098.0
420.0,1106.7
425.0,1145.1
430.0,1122.5
435.0,1085.7
440.0,1064.4
445.0,1128.6
450.0,1159.9
455.0,1123.3
460.0,1057.9
465.0,1090.9
470.0,1056.1
475.0,1153.8
480.0,1151.1
485.0,1127.2
490.0,1057.8
495.0,1122.8
500.0,1070.9
505.0,1079.6
510.0,1166.3
515.0,1123.2
520.0,1102.0
525.0,1154.4
530.0,1131.7
535.0,1110.3
540.0,1144.3
545.0,1092.2
550.0,1098.3
555.0,1162.5
560.0,1098.7
565.0,1157.7
570.0,1079.2
575.0,1168.7
580.0,1121.5
585.0,1127.0
590.0,1133.2
595.0,1116.0
600.0,1067.8
605.0,1091.3
610.0,1153.9
615.0,1086.0
620.0,1078.1
625.0,1073.4
630.0,1163.1
635.0,1121.6
640.0,1127.1
645.0,1086.4
650.0,1108.6
655.0,1176.0
660.0,1110.4
665.0,1173.1
670.0,1113.3
675.0,1096.5
680.0,1130.1
685.0,1077.5
690.0,1113.9
695.0,1110.3
700.0,1181.2
705.0,1103.1
710.0,1116.9
715.0,1140.0
720.0,1103.7
725.0,1149.2
730.0,1104.0
735.0,1140.0
740.0,1139.9
745.0,1160.2
750.0,1085.3
755.0,1116.2
760.0,1102.8
765.0,1185.8
770.0,1082.0
775.0,1176.8
780.0,1162.4
785.0,1149.3
790.0,1088.2
795.0,1085.6
800.0,1174.1
805.0,1102.8
810.0,1169.0
815.0,1135.5
820.0,1170.4
825.0,1150.7
830.0,1096.7
835.0,1101.9
840.0,1114.4
845.0,1080.7
850.0,1187.9
855.0,1187.2
860.0,1135.4
865.0,1192.9
870.0,1186.1
875.0,1186.2
880.0,1134.9
885.0,1122.6
890.0,1158.5
895.0,1082.5
900.0,1141.0
905.0,1157.2
910.0,1160.8
915.0,1200.5
920.0,1107.5
925.0,1171.9
930.0,1158.0
935.0,1154.2
940.0,1100.6
945.0,1123.9
950.0,1109.7
955.0,1172.7
960.0,1164.4
965.0,1115.8
970.0,1166.2
975.0,1102.1
980.0,1123.7
985.0,1154.8
990.0,1183.2
995.0,1106.6
1000.0,1206.6
1005.0,1209.9
1010.0,1199.6
1015.0,1140.9
1020.0,1185.4
1025.0,1182.1
1030.0,1102.8
1035.0,1196.2
1040.0,1149.9
1045.0,1192.4
1050.0,1194.3
1055.0,1155.3
1060.0,1169.1
1065.0,1150.1
1070.0,1117.8
1075.0,1102.9
1080.0,1188.9
1085.0,1206.6
1090.0,1173.7
1095.0,1137.9
1100.0,1120.5
1105.0,1107.3
1110.0,1141.7
1115.0,1105.9
1120.0,1171.3
1125.0,1118.9
1130.0,1206.9
1135.0,1123.4
1140.0,1215.5
1145.0,1193.9
1150.0,1142.3
1155.0,1173.5
1160.0,1200.0
1165.0,1159.0
1170.0,1135.5
1175.0,1154.3
1180.0,1158.7
1185.0,1172.5
1190.0,1137.7
1195.0,1160.7
1200.0,1218.3
1205.0,1143.6
1210.0,1191.8
1215.0,1164.2
1220.0,1115.0
1225.0,1155.7
1230.0,1203.6
1235.0,1163.4
1240.0,1179.0
1245.0,1207.3
1250.0,1224.5
1255.0,1175.0
1260.0,1172.3
1265.0,1220.7
1270.0,1152.0
1275.0,1231.1
1280.0,1170.5
1285.0,1185.9
1290.0,1178.2
1295.0,1204.5
1300.0,1182.3
1305.0,1191.7
1310.0,1126.6
1315.0,1212.5
1320.0,1139.2
1325.0,1233.0
1330.0,1222.0
1335.0,1211.3
1340.0,1150.0
1345.0,1136.5
1350.0,1219.1
1355.0,1194.9
1360.0,1208.9
1365.0,1208.2
1370.0,1213.1
1375.0,1227.5
1380.0,1192.0
1385.0,1152.8
1390.0,1161.3
1395.0,1200.6
1400.0,1218.9
1405.0,1162.6
1410.0,1218.8
1415.0,1193.5
1420.0,1175.5
1425.0,1136.0
1430.0,1154.9
1435.0,1188.6
1440.0,1124.6
1445.0,1201.8
1450.0,1164.5
1455.0,1141.2
1460.0,1140.6
1465.0,1134.1
1470.0,1235.2
1475.0,1200.9
1480.0,1173.6
1485.0,1157.8
1490.0,1216.5
1495.0,1210.3
1500.0,1240.2
1505.0,1215.4
1510.0,1239.2
1515.0,1245.5
1520.0,1192.8
1525.0,1238.7
1530.0,1245.5
1535.0,1148.0
1540.0,1175.4
1545.0,1199.0
1550.0,1216.9
1555.0,1145.7
1560.0,1143.4
1565.0,1183.3
1570.0,1221.6
1575.0,1210.4
1580.0,1248.5
1585.0,1246.8
1590.0,1236.4
1595.0,1157.7
1600.0,1243.4
1605.0,1197.7
1610.0,1226.6
1615.0,1225.4
1620.0,1235.0
1625.0,1175.6
1630.0,1247.9
1635.0,1236.6
1640.0,1242.1
1645.0,1181.3
1650.0,1249.4
1655.0,1204.6
1660.0,1229.3
1665.0,1186.5
1670.0,1183.8
1675.0,1246.8
1680.0,1158.5
1685.0,1209.2
1690.0,1218.8
1695.0,1243.1
1700.0,1225.2
1705.0,1145.7
1710.0,1203.3
1715.0,1250.8
1720.0,1214.7
1725.0,1236.2
1730.0,1235.1
1735.0,1210.9
1740.0,1182.3
1745.0,1175.8
1750.0,1201.6
1755.0,1181.3
1760.0,1167.2
1765.0,1236.6
1770.0,1223.3
1775.0,1168.0
1780.0,1189.1
1785.0,1173.7
1790.0,1195.1
1795.0,1207.5
1800.0,1167.6
1805.0,1198.7
1810.0,1245.1
1815.0,1194.7
1820.0,1218.8
1825.0,1243.0
1830.0,1240.2
1835.0,1262.7
1840.0,1216.6
1845.0,1215.2
1850.0,1170.8
1855.0,1218.2
1860.0,1203.1
1865.0,1229.3
1870.0,1155.3
1875.0,1269.4
1880.0,1219.5
1885.0,1170.1
1890.0,1187.2
1895.0,1159.4
1900.0,1193.3
1905.0,1183.6
1910.0,1260.1
1915.0,1238.4
1920.0,1269.2
1925.0,1217.3
1930.0,1228.4
1935.0,1270.7
1940.0,1232.2
1945.0,1206.3
1950.0,1249.5
1955.0,1224.2
1960.0,1243.2
1965.0,1224.3
1970.0,1245.5
1975.0,1272.4
1980.0,1161.8
1985.0,1174.1
1990.0,1213.7
1995.0,1252.6
2000.0,1254.1
2005.0,1241.0
2010.0,1168.4
2015.0,1213.1
2020.0,1226.7
2025.0,1232.9
2030.0,1251.7
2035.0,1196.0
2040.0,1213.4
2045.0,1191.8
2050.0,1256.9
2055.0,1174.3
2060.0,1225.6
2065.0,1169.2
2070.0,1272.8
2075.0,1206.7
2080.0,1253.5
2085.0,1168.5
2090.0,1180.5
2095.0,1279.0
2100.0,1193.1
2105.0,1172.2
2110.0,1221.1
2115.0,1258.4
2120.0,1201.7
2125.0,1276.1
2130.0,1258.5
2135.0,1284.1
2140.0,1207.0
2145.0,1261.4
2150.0,1267.1
2155.0,1198.7
2160.0,1206.2
2165.0,1209.4
2170.0,1262.2
2175.0,1209.8
2180.0,1225.0
2185.0,1269.9
2190.0,1251.0
2195.0,1172.9
2200.0,1248.8
2205.0,1179.5
2210.0,1197.3
2215.0,1184.4
2220.0,1222.0
2225.0,1182.5
2230.0,1277.8
2235.0,1192.1
2240.0,1188.1
2245.0,1193.9
2250.0,1203.6
2255.0,1264.2
2260.0,1223.2
2265.0,1222.7
2270.0,1245.1
2275.0,1253.3
2280.0,1188.4
2285.0,1202.5
2290.0,1285.4
2295.0,1295.1
2300.0,1269.1
2305.0,1184.7
2310.0,1260.0
2315.0,1229.1
2320.0,1226.6
2325.0,1291.3
2330.0,1213.2
2335.0,1234.0
2340.0,1185.7
2345.0,1230.7
2350.0,1269.5
2355.0,1277.5
2360.0,1250.4
2365.0,1246.8
2370.0,1189.1
2375.0,1296.3
2380.0,1263.7
2385.0,1212.3
2390.0,1280.9
2395.0,1208.3
2400.0,1212.1
2405.0,1292.4
2410.0,1254.3
2415.0,1217.0
2420.0,1183.9
2425.0,1207.2
2430.0,1285.9
2435.0,1246.2
2440.0,1278.9
2445.0,1215.8
2450.0,1276.2
2455.0,1300.0
2460.0,1232.0
2465.0,1305.3
2470.0,1236.3
2475.0,1297.6
2480.0,1249.1
2485.0,1232.2
2490.0,1193.3
2495.0,1280.7
2500.0,1214.8
2505.0,1235.6
2510.0,1244.8
2515.0,1303.4
2520.0,1301.4
2525.0,1212.9
2530.0,1223.6
2535.0,1249.3
2540.0,1271.9
2545.0,1304.3
2550.0,1268.3
2555.0,1228.9
2560.0,1310.0
2565.0,1291.7
2570.0,1274.6
2575.0,1196.3
2580.0,1233.0
2585.0,1250.5
2590.0,1220.1
2595.0,1255.4
2600.0,1301.8
2605.0,1304.7
2610.0,1259.7
2615.0,1233.5
2620.0,1256.9
2625.0,1207.9
2630.0,1209.8
2635.0,1252.2
2640.0,1304.2
2645.0,1248.7
2650.0,1202.8
2655.0,1231.4
2660.0,1297.9
2665.0,1256.6
2670.0,1213.2
2675.0,1269.5
2680.0,1285.2
2685.0,1206.4
2690.0,1241.7
2695.0,1271.0
2700.0,1214.5
2705.0,1260.0
2710.0,1288.0
2715.0,1305.3
2720.0,1291.1
2725.0,1294.9
2730.0,1232.5
2735.0,1222.4
2740.0,1302.3
2745.0,1303.3
2750.0,1218.1
2755.0,1294.7
2760.0,1282.4
2765.0,1256.9
2770.0,1222.9
2775.0,1208.5
2780.0,1289.9
2785.0,1203.0
2790.0,1297.5
2795.0,1301.4
2800.0,1273.0
2805.0,1295.9
2810.0,1225.7
2815.0,1315.8
2820.0,1241.7
2825.0,1271.2
2830.0,1298.3
2835.0,1207.8
2840.0,1223.5
2845.0,1308.7
2850.0,1215.2
2855.0,1241.9
2860.0,1261.5
2865.0,1219.3
2870.0,1226.0
2875.0,1321.9
2880.0,1207.2
2885.0,1306.4
2890.0,1225.2
2895.0,1320.2
2900.0,1234.3
2905.0,1267.2
2910.0,1324.2
2915.0,1225.0
2920.0,1275.3
2925.0,1250.1
2930.0,1296.3
2935.0,1297.4
2940.0,1230.0
2945.0,1234.3
2950.0,1223.8
2955.0,1252.0
2960.0,1288.4
2965.0,1281.0
2970.0,1268.0
2975.0,1217.2
2980.0,1319.4
2985.0,1209.7
2990.0,1223.6
2995.0,1322.0
3000.0,1318.9
3005.0,1229.4
3010.0,1297.1
3015.0,1223.0
3020.0,1238.9
3025.0,1275.0
3030.0,1321.8
3035.0,1232.0
3040.0,1287.2
3045.0,1267.1
3050.0,1223.1
3055.0,1294.3
3060.0,1223.5
3065.0,1264.2
3070.0,1268.4
3075.0,1251.9
3080.0,1244.8
3085.0,1325.1
3090.0,1292.5
3095.0,1277.3
3100.0,1263.6
3105.0,1320.0
3110.0,1297.7
3115.0,1226.3
3120.0,1247.4
3125.0,1283.2
3130.0,1297.5
3135.0,1228.3
3140.0,1244.7
3145.0,1267.4
3150.0,1323.6
3155.0,1318.7
3160.0,1243.8
3165.0,1304.6
3170.0,1273.2
3175.0,1283.4
3180.0,1309.7
3185.0,1271.9
3190.0,1318.1
3195.0,1235.0
3200.0,1320.1
3205.0,1283.7
3210.0,1320.5
3215.0,1238.6
3220.0,1221.3
3225.0,1241.5
3230.0,1233.4
3235.0,1262.7
3240.0,1312.7
3245.0,1316.4
3250.0,1263.0
3255.0,1242.9
3260.0,1266.4
3265.0,1338.5
3270.0,1250.7
3275.0,1332.4
3280.0,1247.5
3285.0,1272.5
3290.0,1305.9
3295.0,1251.5
3300.0,1252.9
3305.0,1240.6
3310.0,1290.2
3315.0,1240.7
3320.0,1263.9
3325.0,1222.9
3330.0,1290.5
3335.0,1230.5
3340.0,1278.1
3345.0,1283.5
3350.0,1333.1
3355.0,1300.4
3360.0,1274.5
3365.0,1234.7
3370.0,1265.4
3375.0,1321.4
3380.0,1329.9
3385.0,1299.4
3390.0,1343.7
3395.0,1297.8
3400.0,1328.7
3405.0,1339.2
3410.0,1268.7
3415.0,1327.1
3420.0,1272.4
3425.0,1264.1
3430.0,1243.1
3435.0,1278.8
3440.0,1341.1
3445.0,1275.2
3450.0,1286.4
3455.0,1337.9
3460.0,1257.5
3465.0,1303.1
3470.0,1237.1
3475.0,1334.4
3480.0,1331.8
3485.0,1276.2
3490.0,1284.7
3495.0,1299.8
3500.0,1300.0
3505.0,1328.3
3510.0,1242.9
3515.0,1284.7
3520.0,1244.7
3525.0,1292.3
3530.0,1257.1
3535.0,1289.9
3540.0,1263.3
3545.0,1275.4
3550.0,1245.6
3555.0,1327.6
3560.0,1229.8
3565.0,1279.9
3570.0,1267.4
3575.0,1306.6
3580.0,1261.9
3585.0,1347.8
3590.0,1266.8
3595.0,1335.1
3600.0,1332.9
3605.0,1345.3
3610.0,1308.5
3615.0,1321.5
3620.0,1241.4
3625.0,1328.4
3630.0,1264.0
3635.0,1243.5
3640.0,1231.8
3645.0,1305.6
3650.0,1275.9
3655.0,1318.9
3660.0,1294.5
3665.0,1306.5
3670.0,1312.0
3675.0,1260.5
3680.0,1346.1
3685.0,1340.4
3690.0,1275.6
3695.0,1349.3
3700.0,1313.9
3705.0,1339.0
3710.0,1236.1
3715.0,1271.0
3720.0,1353.3
3725.0,1247.4
3730.0,1339.6
3735.0,1235.5
3740.0,1330.5
3745.0,1315.0
3750.0,1297.1
3755.0,1242.7
3760.0,1298.2
3765.0,1339.7
3770.0,1261.0
3775.0,1285.2
3780.0,1314.8
3785.0,1262.7
3790.0,1322.4
3795.0,1336.5
3800.0,1314.9
3805.0,1289.3
3810.0,1261.5
3815.0,1261.3
3820.0,1346.1
3825.0,1289.1
3830.0,1272.1
3835.0,1352.1
3840.0,1246.2
3845.0,1251.0
3850.0,1247.7
3855.0,1248.9
3860.0,1257.9
3865.0,1331.8
3870.0,1280.7
3875.0,1256.4
3880.0,1329.4
3885.0,1313.5
3890.0,1281.5
3895.0,1347.3
3900.0,1331.6
3905.0,1255.9
3910.0,1339.8
3915.0,1316.5
3920.0,1305.2
3925.0,1238.7
3930.0,1264.6
3935.0,1279.4
3940.0,1269.3
3945.0,1284.7
3950.0,1329.4
3955.0,1239.7
3960.0,1335.4
3965.0,1260.2
3970.0,1281.8
3975.0,1259.2
3980.0,1285.7
3985.0,1313.0
3990.0,1315.0
3995.0,1333.6
4000.0,1314.3
4005.0,1267.3
4010.0,1300.8
4015.0,1257.7
4020.0,1350.8
4025.0,1296.7
4030.0,1349.2
4035.0,1339.7
4040.0,1287.3
4045.0,1306.8
4050.0,1350.0
4055.0,1312.8
4060.0,1338.6
4065.0,1246.8
4070.0,1314.7
4075.0,1319.5
4080.0,1270.9
4085.0,1344.7
4090.0,1334.7
4095.0,1256.5
4100.0,1265.4
4105.0,1297.9
4110.0,1306.1
4115.0,1293.6
4120.0,1331.0
4125.0,1343.9
4130.0,1247.4
4135.0,1256.6
4140.0,1335.5
4145.0,1284.0
4150.0,1323.4
4155.0,1345.3
4160.0,1315.1
4165.0,1289.7
4170.0,1297.8
4175.0,1248.0
4180.0,1269.3
4185.0,1343.2
4190.0,1299.2
4195.0,1281.3
4200.0,1297.4
4205.0,1313.5
4210.0,1303.3
4215.0,1344.5
4220.0,1313.7
4225.0,1344.5
4230.0,1330.8
4235.0,1361.0
4240.0,1337.7
4245.0,1344.1
4250.0,1309.3
4255.0,1333.6
4260.0,1300.9
4265.0,1319.1
4270.0,1277.2
4275.0,1338.2
4280.0,1308.2
4285.0,1364.4
4290.0,1306.0
4295.0,1351.4
4300.0,1326.5
4305.0,1255.2
4310.0,1336.5
4315.0,1299.4
4320.0,1264.3
4325.0,1292.8
4330.0,1365.3
4335.0,1274.7
4340.0,1305.9
4345.0,1318.1
4350.0,1309.5
4355.0,1278.9
4360.0,1354.3
4365.0,1355.3
4370.0,1300.7
4375.0,1352.4
4380.0,1293.8
4385.0,1291.7
4390.0,1282.1
4395.0,1274.8
4400.0,1291.8
4405.0,1284.9
4410.0,1290.8
4415.0,1273.5
4420.0,1274.4
4425.0,1300.4
4430.0,1277.6
4435.0,1248.4
4440.0,1331.4
4445.0,1345.2
4450.0,1362.8
4455.0,1324.6
4460.0,1311.3
4465.0,1285.7
4470.0,1249.9
4475.0,1297.3
4480.0,1365.3
4485.0,1363.7
4490.0,1262.8
4495.0,1308.9
4500.0,1263.8
4505.0,1308.1
4510.0,1250.0
4515.0,1256.2
4520.0,1257.7
4525.0,1341.1
4530.0,1310.9
4535.0,1320.6
4540.0,1311.5
4545.0,1249.6
4550.0,1294.9
4555.0,1343.5
4560.0,1295.1
4565.0,1295.7
4570.0,1292.0
4575.0,1292.9
4580.0,1366.7
4585.0,1297.9
4590.0,1279.1
4595.0,1289.8
4600.0,1300.0
4605.0,1275.6
4610.0,1258.9
4615.0,1312.7
4620.0,1343.2
4625.0,1270.8
4630.0,1290.0
4635.0,1253.6
4640.0,1358.2
4645.0,1319.8
4650.0,1280.6
4655.0,1334.4
4660.0,1278.4
4665.0,1264.8
4670.0,1359.1
4675.0,1346.1
4680.0,1286.8
4685.0,1278.4
4690.0,1262.6
4695.0,1307.4
4700.0,1288.3
4705.0,1290.4
4710.0,1328.8
4715.0,1363.7
4720.0,1287.6
4725.0,1331.6
4730.0,1301.4
4735.0,1343.3
4740.0,1256.8
4745.0,1272.8
4750.0,1268.6
4755.0,1256.8
4760.0,1281.3
4765.0,1344.9
4770.0,1291.1
4775.0,1319.6
4780.0,1292.3
4785.0,1252.7
4790.0,1267.0
4795.0,1364.4
4800.0,1323.2
4805.0,1333.3
4810.0,1326.4
4815.0,1317.7
4820.0,1333.1
4825.0,1318.5
4830.0,1288.2
4835.0,1359.6
4840.0,1353.5
4845.0,1325.3
4850.0,1354.0
4855.0,1367.2
4860.0,1292.7
4865.0,1289.1
4870.0,1353.7
4875.0,1326.0
4880.0,1269.1
4885.0,1323.4
4890.0,1354.3
4895.0,1304.5
4900.0,1340.1
4905.0,1284.6
4910.0,1270.9
4915.0,1294.0
4920.0,1335.3
4925.0,1252.3
4930.0,1261.7
4935.0,1262.2
4940.0,1332.4
4945.0,1279.7
4950.0,1338.7
4955.0,1364.3
4960.0,1274.4
4965.0,1322.3
4970.0,1295.8
4975.0,1319.4
4980.0,1335.7
4985.0,1300.0
4990.0,1308.1
4995.0,1288.0
5000.0,1284.0
5005.0,1333.1
5010.0,1327.2
5015.0,1286.0
5020.0,1261.6
5025.0,1299.5
5030.0,1330.4
5035.0,1335.0
5040.0,1277.2
5045.0,1328.0
5050.0,1274.1
5055.0,1254.1
5060.0,1299.2
5065.0,1268.9
5070.0,1292.7
5075.0,1258.4
5080.0,1274.9
5085.0,1252.7
5090.0,1284.5
5095.0,1293.2
5100.0,1297.1
5105.0,1333.1
5110.0,1365.6
5115.0,1359.9
5120.0,1360.8
5125.0,1250.0
5130.0,1333.0
5135.0,1258.7
5140.0,1352.1
5145.0,1322.5
5150.0,1307.6
5155.0,1250.1
5160.0,1341.8
5165.0,1268.2
5170.0,1349.4
5175.0,1358.2
5180.0,1281.1
5185.0,1263.5
5190.0,1272.5
5195.0,1267.6
5200.0,1325.8
5205.0,1311.7
5210.0,1365.0
5215.0,1290.9
5220.0,1323.7
5225.0,1344.1
5230.0,1294.3
5235.0,1328.4
5240.0,1273.8
5245.0,1365.7
5250.0,1302.2
5255.0,1343.5
5260.0,1277.8
5265.0,1266.9
5270.0,1330.1
5275.0,1311.0
5280.0,1365.5
5285.0,1362.7
5290.0,1279.1
5295.0,1349.0
5300.0,1344.2
5305.0,1358.2
5310.0,1320.5
5315.0,1273.0
5320.0,1253.0
5325.0,1367.0
5330.0,1325.0
5335.0,1293.6
5340.0,1353.6
5345.0,1355.8
5350.0,1330.1
5355.0,1352.3
5360.0,1301.5
5365.0,1307.0
5370.0,1300.9
5375.0,1349.2
5380.0,1272.6
5385.0,1315.8
5390.0,1360.1
5395.0,1359.6
5400.0,1327.1
5405.0,1367.0
5410.0,1344.0
5415.0,1315.6
5420.0,1354.8
5425.0,1352.4
5430.0,1324.1
5435.0,1256.7
5440.0,1330.2
5445.0,1330.9
5450.0,1301.1
5455.0,1335.5
5460.0,1291.9
5465.0,1279.5
5470.0,1252.5
5475.0,1253.6
5480.0,1287.0
5485.0,1309.0
5490.0,1338.0
5495.0,1318.7
5500.0,1267.6
5505.0,1294.5
5510.0,1249.7
5515.0,1322.9
5520.0,1328.5
5525.0,1270.2
5530.0,1323.6
5535.0,1363.1
5540.0,1272.1
5545.0,1258.8
5550.0,1285.0
5555.0,1318.8
5560.0,1360.1
5565.0,1366.8
5570.0,1289.4
5575.0,1345.5
5580.0,1330.4
5585.0,1366.1
5590.0,1309.3
5595.0,1303.5
5600.0,1254.3
5605.0,1260.9
5610.0,1321.9
5615.0,1316.7
5620.0,1248.4
5625.0,1333.9
5630.0,1283.6
5635.0,1328.1
5640.0,1280.4
5645.0,1316.0
5650.0,1321.8
5655.0,1252.9
5660.0,1273.7
5665.0,1318.5
5670.0,1320.6
5675.0,1309.8
5680.0,1356.6
5685.0,1280.8
5690.0,1338.3
5695.0,1345.3
5700.0,1324.3
5705.0,1362.0
5710.0,1331.9
5715.0,1287.5
5720.0,1329.5
5725.0,1284.0
5730.0,1251.9
5735.0,1275.7
5740.0,1358.6
5745.0,1333.8
5750.0,1360.6
5755.0,1258.0
5760.0,1258.4
5765.0,1272.9
5770.0,1285.7
5775.0,1250.5
5780.0,1299.6
5785.0,1341.0
5790.0,1301.1
5795.0,1300.1
5800.0,1278.8
5805.0,1261.9
5810.0,1337.8
5815.0,1351.1
5820.0,1280.3
5825.0,1295.8
5830.0,1254.4
5835.0,1256.9
5840.0,1268.5
5845.0,1252.3
5850.0,1277.8
5855.0,1331.9
5860.0,1358.6
5865.0,1311.7
5870.0,1287.7
5875.0,1355.8
5880.0,1356.8
5885.0,1361.4
5890.0,1345.3
5895.0,1354.1
5900.0,1263.9
5905.0,1356.8
5910.0,1255.8
5915.0,1289.1
5920.0,1252.6
5925.0,1341.5
5930.0,1258.6
5935.0,1317.9
5940.0,1262.2
5945.0,1255.5
5950.0,1246.8
5955.0,1329.8
5960.0,1254.7
5965.0,1356.9
5970.0,1247.7
5975.0,1280.9
5980.0,1310.6
5985.0,1311.5
5990.0,1336.9
5995.0,1257.2
6000.0,1335.4
6005.0,1279.9
6010.0,1303.9
6015.0,1303.8
6020.0,1327.5
6025.0,1276.5
6030.0,1248.0
6035.0,1248.7
6040.0,1292.6
6045.0,1353.1
6050.0,1308.6
6055.0,1299.7
6060.0,1333.6
6065.0,1282.1
6070.0,1274.1
6075.0,1339.1
6080.0,1282.3
6085.0,1323.5
6090.0,1305.5
6095.0,1286.7
6100.0,1241.7
6105.0,1255.1
6110.0,1354.1
6115.0,1318.5
6120.0,1341.2
6125.0,1308.8
6130.0,1238.5
6135.0,1349.7
6140.0,1273.6
6145.0,1262.8
6150.0,1316.8
6155.0,1353.6
6160.0,1261.9
6165.0,1296.3
6170.0,1258.1
6175.0,1242.5
6180.0,1266.0
6185.0,1240.4
6190.0,1265.1
6195.0,1241.4
6200.0,1264.5
6205.0,1332.6
6210.0,1316.9
6215.0,1253.8
6220.0,1236.5
6225.0,1271.3
6230.0,1264.4
6235.0,1249.4
6240.0,1300.0
6245.0,1251.9
6250.0,1310.9
6255.0,1346.8
6260.0,1349.8
6265.0,1282.6
6270.0,1296.3
6275.0,1326.5
6280.0,1314.0
6285.0,1241.4
6290.0,1300.9
6295.0,1287.9
6300.0,1302.3
6305.0,1323.8
6310.0,1350.1
6315.0,1305.8
6320.0,1308.5
6325.0,1268.0
6330.0,1318.3
6335.0,1243.2
6340.0,1324.9
6345.0,1297.4
6350.0,1283.4
6355.0,1240.8
6360.0,1332.4
6365.0,1309.0
6370.0,1309.8
6375.0,1264.6
6380.0,1335.1
6385.0,1270.5
6390.0,1288.8
6395.0,1324.2
6400.0,1332.6
6405.0,1287.8
6410.0,1239.5
6415.0,1283.1
6420.0,1231.7
6425.0,1308.7
6430.0,1337.5
6435.0,1295.3
6440.0,1332.1
6445.0,1247.7
6450.0,1277.3
6455.0,1333.0
6460.0,1274.5
6465.0,1328.3
6470.0,1280.4
6475.0,1331.9
6480.0,1337.7
6485.0,1281.7
6490.0,1282.1
6495.0,1253.2
6500.0,1308.7
6505.0,1314.0
6510.0,1313.9
6515.0,1290.1
6520.0,1341.5
6525.0,1283.6
6530.0,1327.7
6535.0,1315.1
6540.0,1340.1
6545.0,1316.8
6550.0,1292.4
6555.0,1260.4
6560.0,1302.1
6565.0,1231.1
6570.0,1300.5
6575.0,1313.0
6580.0,1235.6
6585.0,1276.8
6590.0,1236.8
6595.0,1319.1
6600.0,1266.2
6605.0,1315.9
6610.0,1245.4
6615.0,1287.1
6620.0,1223.8
6625.0,1249.5
6630.0,1238.3
6635.0,1338.0
6640.0,1258.3
6645.0,1278.1
6650.0,1292.9
6655.0,1336.2
6660.0,1322.2
6665.0,1223.1
6670.0,1313.9
6675.0,1316.1
6680.0,1252.1
6685.0,1251.0
6690.0,1229.7
6695.0,1283.6
6700.0,1327.1
6705.0,1226.7
6710.0,1242.0
6715.0,1331.5
6720.0,1329.9
6725.0,1294.2
6730.0,1283.5
6735.0,1224.1
6740.0,1237.5
6745.0,1339.5
6750.0,1252.5
6755.0,1275.4
6760.0,1225.3
6765.0,1279.4
6770.0,1223.2
6775.0,1313.0
6780.0,1317.9
6785.0,1275.9
6790.0,1334.9
6795.0,1261.7
6800.0,1274.0
6805.0,1320.0
6810.0,1332.4
6815.0,1335.3
6820.0,1321.0
6825.0,1291.1
6830.0,1235.7
6835.0,1325.3
6840.0,1243.6
6845.0,1319.6
6850.0,1235.9
6855.0,1292.7
6860.0,1251.0
6865.0,1334.7
6870.0,1219.0
6875.0,1300.8
6880.0,1253.5
6885.0,1315.5
6890.0,1247.3
6895.0,1246.1
6900.0,1273.0
6905.0,1312.5
6910.0,1251.4
6915.0,1221.3
6920.0,1217.7
6925.0,1264.3
6930.0,1220.7
6935.0,1249.6
6940.0,1248.8
6945.0,1297.8
6950.0,1266.8
6955.0,1239.6
6960.0,1291.3
6965.0,1325.2
6970.0,1317.8
6975.0,1251.9
6980.0,1292.1
6985.0,1284.4
6990.0,1307.5
6995.0,1301.5
7000.0,1316.4
7005.0,1311.3
7010.0,1264.4
7015.0,1272.7
7020.0,1216.9
7025.0,1271.7
7030.0,1325.7
7035.0,1241.0
7040.0,1272.1
7045.0,1287.9
7050.0,1307.3
7055.0,1237.5
7060.0,1299.6
7065.0,1245.6
7070.0,1279.5
7075.0,1301.4
7080.0,1294.2
7085.0,1290.5
7090.0,1288.5
7095.0,1314.2
7100.0,1245.2
7105.0,1274.2
7110.0,1311.8
7115.0,1211.5
7120.0,1271.7
7125.0,1284.5
7130.0,1217.1
7135.0,1209.1
7140.0,1298.1
7145.0,1225.8
7150.0,1240.1
7155.0,1253.6
7160.0,1276.7
7165.0,1225.7
7170.0,1273.3
7175.0,1238.1
7180.0,1204.3
7185.0,1290.9
7190.0,1219.9
7195.0,1202.5
7200.0,1262.2
7205.0,1258.7
7210.0,1220.5
7215.0,1253.2
7220.0,1293.4
7225.0,1220.4
7230.0,1319.7
7235.0,1277.3
7240.0,1299.9
7245.0,1316.4
7250.0,1308.8
7255.0,1268.3
7260.0,1273.8
7265.0,1222.7
7270.0,1219.5
7275.0,1215.6
7280.0,1308.7
7285.0,1245.8
7290.0,1242.0
7295.0,1250.6
7300.0,1209.3
7305.0,1206.7
7310.0,1310.9
7315.0,1207.8
7320.0,1221.2
7325.0,1209.9
7330.0,1232.4
7335.0,1263.8
7340.0,1243.6
7345.0,1304.1
7350.0,1244.3
7355.0,1239.1
7360.0,1230.4
7365.0,1259.6
7370.0,1239.2
7375.0,1280.5
7380.0,1205.8
7385.0,1243.7
7390.0,1202.8
7395.0,1247.0
7400.0,1272.8
7405.0,1276.5
7410.0,1269.2
7415.0,1209.6
7420.0,1300.3
7425.0,1304.3
7430.0,1200.4
7435.0,1271.5
7440.0,1201.4
7445.0,1268.1
7450.0,1193.9
7455.0,1304.1
7460.0,1302.8
7465.0,1265.0
7470.0,1306.2
7475.0,1246.5
7480.0,1273.5
7485.0,1271.2
7490.0,1263.0
7495.0,1247.1
7500.0,1297.8
7505.0,1278.3
7510.0,1257.4
7515.0,1229.9
7520.0,1261.2
7525.0,1255.6
7530.0,1207.4
7535.0,1299.4
7540.0,1255.5
7545.0,1208.2
7550.0,1246.9
7555.0,1294.1
7560.0,1191.2
7565.0,1242.6
7570.0,1218.0
7575.0,1252.0
7580.0,1246.1
7585.0,1288.5
7590.0,1290.7
7595.0,1273.2
7600.0,1281.5
7605.0,1203.4
7610.0,1281.2
7615.0,1185.2
7620.0,1232.7
7625.0,1246.7
7630.0,1238.6
7635.0,1192.5
7640.0,1200.1
7645.0,1233.5
7650.0,1217.5
7655.0,1272.8
7660.0,1196.1
7665.0,1259.0
7670.0,1258.5
7675.0,1195.2
7680.0,1180.7
7685.0,1191.0
7690.0,1248.3
7695.0,1252.6
7700.0,1242.9
7705.0,1296.4
7710.0,1229.7
7715.0,1220.3
7720.0,1289.3
7725.0,1290.6
7730.0,1221.9
7735.0,1179.1
7740.0,1240.9
7745.0,1282.5
7750.0,1251.6
7755.0,1283.3
7760.0,1267.4
7765.0,1232.8
7770.0,1174.8
7775.0,1260.3
7780.0,1192.1
7785.0,1255.6
7790.0,1173.1
7795.0,1232.6
7800.0,1177.8
7805.0,1285.2
7810.0,1206.5
7815.0,1199.9
7820.0,1210.6
7825.0,1289.5
7830.0,1250.1
7835.0,1188.1
7840.0,1257.0
7845.0,1216.3
7850.0,1202.6
7855.0,1218.3
7860.0,1236.1
7865.0,1238.6
7870.0,1265.7
7875.0,1212.4
7880.0,1181.0
7885.0,1201.6
7890.0,1273.4
7895.0,1230.2
7900.0,1220.5
7905.0,1275.9
7910.0,1244.0
7915.0,1229.8
7920.0,1191.9
7925.0,1215.3
7930.0,1273.3
7935.0,1171.0
7940.0,1251.3
7945.0,1227.8
7950.0,1236.2
7955.0,1174.9
7960.0,1261.0
7965.0,1164.5
7970.0,1253.1
7975.0,1264.0
7980.0,1211.5
7985.0,1274.4
7990.0,1276.6
7995.0,1243.8
8000.0,1187.7
8005.0,1202.4
8010.0,1239.3
8015.0,1254.8
8020.0,1162.8
8025.0,1267.0
8030.0,1240.9
8035.0,1233.2
8040.0,1197.9
8045.0,1235.6
8050.0,1158.9
8055.0,1225.7
8060.0,1191.4
8065.0,1253.8
8070.0,1267.5
8075.0,1185.7
8080.0,1239.3
8085.0,1215.2
8090.0,1193.5
8095.0,1187.3
8100.0,1255.0
8105.0,1242.2
8110.0,1165.1
8115.0,1205.5
8120.0,1170.4
8125.0,1184.3
8130.0,1254.6
8135.0,1172.6
8140.0,1253.0
8145.0,1226.8
8150.0,1250.4
8155.0,1157.1
8160.0,1180.3
8165.0,1179.8
8170.0,1269.4
8175.0,1264.6
8180.0,1223.5
8185.0,1265.6
8190.0,1226.0
8195.0,1252.4
8200.0,1259.8
8205.0,1160.2
8210.0,1229.5
8215.0,1212.1
8220.0,1151.0
8225.0,1245.1
8230.0,1162.3
8235.0,1156.5
8240.0,1175.7
8245.0,1155.8
8250.0,1154.2
8255.0,1175.5
8260.0,1257.2
8265.0,1180.1
8270.0,1198.2
8275.0,1196.9
8280.0,1195.6
8285.0,1153.3
8290.0,1186.0
8295.0,1219.9
8300.0,1221.4
8305.0,1206.1
8310.0,1182.8
8315.0,1241.7
8320.0,1158.8
8325.0,1175.4
8330.0,1232.6
8335.0,1226.0
8340.0,1234.8
8345.0,1176.7
8350.0,1204.4
8355.0,1160.4
8360.0,1231.2
8365.0,1153.6
8370.0,1206.7
8375.0,1236.1
8380.0,1226.1
8385.0,1162.2
8390.0,1232.3
8395.0,1177.5
8400.0,1229.5
8405.0,1163.3
8410.0,1236.2
8415.0,1149.6
8420.0,1147.5
8425.0,1143.3
8430.0,1236.9
8435.0,1232.3
8440.0,1216.5
8445.0,1173.1
8450.0,1207.5
8455.0,1181.4
8460.0,1230.5
8465.0,1236.5
8470.0,1232.3
8475.0,1183.3
8480.0,1169.2
8485.0,1190.8
8490.0,1153.0
8495.0,1189.8
8500.0,1240.6
8505.0,1245.1
8510.0,1143.8
8515.0,1134.0
8520.0,1159.2
8525.0,1142.2
8530.0,1182.6
8535.0,1163.6
8540.0,1204.2
8545.0,1164.6
8550.0,1204.5
8555.0,1216.0
8560.0,1221.4
8565.0,1182.2
8570.0,1172.9
8575.0,1226.2
8580.0,1184.0
8585.0,1236.7
8590.0,1170.6
8595.0,1190.4
8600.0,1215.3
8605.0,1174.3
8610.0,1147.8
8615.0,1191.6
8620.0,1202.6
8625.0,1215.8
8630.0,1160.5
8635.0,1153.5
8640.0,1188.3
8645.0,1201.8
8650.0,1171.8
8655.0,1222.7
8660.0,1153.7
8665.0,1233.1
8670.0,1199.1
8675.0,1139.1
8680.0,1231.3
8685.0,1147.5
8690.0,1138.1
8695.0,1192.0
8700.0,1180.4
8705.0,1209.6
8710.0,1203.5
8715.0,1149.6
8720.0,1185.4
8725.0,1227.7
8730.0,1166.0
8735.0,1220.0
8740.0,1210.9
8745.0,1114.5
8750.0,1114.5
8755.0,1167.9
8760.0,1201.8
8765.0,1118.5
8770.0,1118.4
8775.0,1175.3
8780.0,1206.7
8785.0,1182.3
8790.0,1162.9
8795.0,1195.3
8800.0,1171.0
8805.0,1182.0
8810.0,1129.9
8815.0,1149.2
8820.0,1121.8
8825.0,1115.8
8830.0,1140.5
8835.0,1201.1
8840.0,1201.6
8845.0,1174.1
8850.0,1180.2
8855.0,1139.3
8860.0,1122.5
8865.0,1171.8
8870.0,1109.8
8875.0,1114.8
8880.0,1216.1
8885.0,1206.5
8890.0,1163.8
8895.0,1107.8
8900.0,1152.9
8905.0,1107.6
8910.0,1124.5
8915.0,1119.0
8920.0,1171.8
8925.0,1126.5
8930.0,1156.4
8935.0,1125.0
8940.0,1145.8
8945.0,1168.2
8950.0,1125.7
8955.0,1094.2
8960.0,1109.1
8965.0,1195.8
8970.0,1133.0
8975.0,1099.6
8980.0,1180.9
8985.0,1206.5
8990.0,1167.6
8995.0,1192.3
9000.0,1165.8
9005.0,1180.4
9010.0,1104.2
9015.0,1091.0
9020.0,1097.8
9025.0,1191.4
9030.0,1170.6
9035.0,1095.7
9040.0,1180.1
9045.0,1145.5
9050.0,1089.1
9055.0,1199.5
9060.0,1136.5
9065.0,1200.3
9070.0,1192.0
9075.0,1138.1
9080.0,1094.1
9085.0,1151.2
9090.0,1163.1
9095.0,1138.4
9100.0,1092.6
9105.0,1186.0
9110.0,1132.6
9115.0,1185.2
9120.0,1165.5
9125.0,1137.7
9130.0,1167.6
9135.0,1111.9
9140.0,1174.3
9145.0,1159.3
9150.0,1188.2
9155.0,1096.6
9160.0,1182.7
9165.0,1177.3
9170.0,1111.2
9175.0,1168.3
9180.0,1109.4
9185.0,1139.8
9190.0,1146.1
9195.0,1117.9
9200.0,1152.6
9205.0,1107.7
9210.0,1122.2
9215.0,1091.2
9220.0,1186.5
9225.0,1141.6
9230.0,1074.7
9235.0,1155.8
9240.0,1132.5
9245.0,1154.7
9250.0,1167.8
9255.0,1148.3
9260.0,1089.2
9265.0,1131.5
9270.0,1157.8
9275.0,1138.0
9280.0,1183.3
9285.0,1143.2
9290.0,1179.3
9295.0,1168.0
9300.0,1132.3
9305.0,1168.2
9310.0,1161.0
9315.0,1077.7
9320.0,1156.2
9325.0,1123.3
9330.0,1102.3
9335.0,1154.0
9340.0,1124.7
9345.0,1107.3
9350.0,1102.2
9355.0,1175.1
9360.0,1073.8
9365.0,1139.2
9370.0,1121.9
9375.0,1119.4
9380.0,1129.3
9385.0,1155.3
9390.0,1085.0
9395.0,1092.7
9400.0,1123.5
9405.0,1115.6
9410.0,1087.9
9415.0,1166.5
9420.0,1096.1
9425.0,1132.5
9430.0,1135.2
9435.0,1116.7
9440.0,1154.1
9445.0,1115.7
9450.0,1052.0
9455.0,1064.2
9460.0,1073.0
9465.0,1050.8
9470.0,1131.2
9475.0,1088.9
9480.0,1093.0
9485.0,1104.2
9490.0,1148.5
9495.0,1072.7
9500.0,1159.8
9505.0,1084.7
9510.0,1140.2
9515.0,1077.9
9520.0,1143.9
9525.0,1085.8
9530.0,1129.2
9535.0,1139.1
9540.0,1075.4
9545.0,1106.7
9550.0,1141.0
9555.0,1052.0
9560.0,1091.9
9565.0,1158.6
9570.0,1076.3
9575.0,1137.8
9580.0,1133.2
9585.0,1157.2
9590.0,1096.6
9595.0,1135.6
9600.0,1045.6
9605.0,1073.8
9610.0,1106.5
9615.0,1067.7
9620.0,1061.5
9625.0,1142.2
9630.0,1153.0
9635.0,1037.8
9640.0,1114.5
9645.0,1037.9
9650.0,1106.1
9655.0,1060.6
9660.0,1148.4
9665.0,1072.7
9670.0,1083.5
9675.0,1057.4
9680.0,1143.6
9685.0,1110.4
9690.0,1069.4
9695.0,1065.9
9700.0,1072.8
9705.0,1033.5
9710.0,1076.7
9715.0,1081.2
9720.0,1046.0
9725.0,1071.2
9730.0,1036.1
9735.0,1070.6
9740.0,1117.0
9745.0,1122.8
9750.0,1127.0
9755.0,1141.6
9760.0,1037.8
9765.0,1073.7
9770.0,1134.9
9775.0,1062.1
9780.0,1032.3
9785.0,1100.9
9790.0,1140.3
9795.0,1050.3
9800.0,1041.9
9805.0,1063.8
9810.0,1040.1
9815.0,1048.1
9820.0,1040.3
9825.0,1051.4
9830.0,1054.5
9835.0,1122.6
9840.0,1040.3
9845.0,1099.4
9850.0,1085.1
9855.0,1095.7
9860.0,1017.9
9865.0,1061.9
9870.0,1109.3
9875.0,1038.8
9880.0,1102.4
9885.0,1060.4
9890.0,1075.8
9895.0,1065.9
9900.0,1026.9
9905.0,1123.0
9910.0,1127.0
9915.0,1124.8
9920.0,1101.0
9925.0,1039.9
9930.0,1038.7
9935.0,1080.9
9940.0,1113.5
9945.0,1008.1
9950.0,1092.9
9955.0,1044.8
9960.0,1037.1
9965.0,1004.3
9970.0,1099.5
9975.0,1023.9
9980.0,1080.3
9985.0,1054.3
9990.0,1069.5
9995.0,1077.9
10000.0,537.3
10005.0,559.4
10010.0,607.2
10015.0,616.5
10020.0,597.1
10025.0,610.2
10030.0,602.0
10035.0,573.7
10040.0,547.3
10045.0,496.6
10050.0,569.5
10055.0,529.3
10060.0,579.0
10065.0,603.8
10070.0,511.4
10075.0,499.1
10080.0,504.1
10085.0,515.9
10090.0,558.7
10095.0,603.6
10100.0,600.1
10105.0,491.4
10110.0,567.0
10115.0,586.6
10120.0,495.2
10125.0,502.8
10130.0,574.7
10135.0,520.3
10140.0,553.8
10145.0,563.7
10150.0,600.5
10155.0,522.3
10160.0,484.3
10165.0,507.6
10170.0,594.4
10175.0,574.9
10180.0,594.9
10185.0,549.3
10190.0,574.5
10195.0,554.9
10200.0,564.0
10205.0,491.9
10210.0,596.1
10215.0,509.3
10220.0,541.0
10225.0,489.4
10230.0,525.1
10235.0,487.1
10240.0,479.7
10245.0,569.7
10250.0,484.7
10255.0,560.7
10260.0,530.2
10265.0,568.6
10270.0,473.0
10275.0,492.4
10280.0,529.5
10285.0,567.8
10290.0,519.5
10295.0,512.4
10300.0,588.1
10305.0,582.1
10310.0,573.6
10315.0,570.3
10320.0,483.0
10325.0,530.0
10330.0,522.8
10335.0,482.2
10340.0,476.8
10345.0,519.3
10350.0,583.2
10355.0,572.8
10360.0,496.4
10365.0,482.2
10370.0,536.8
10375.0,560.6
10380.0,545.7
10385.0,557.0
10390.0,485.1
10395.0,505.8
10400.0,463.5
10405.0,547.1
10410.0,484.6
10415.0,518.7
10420.0,548.3
10425.0,458.2
10430.0,530.2
10435.0,569.0
10440.0,499.8
10445.0,501.0
10450.0,551.6
10455.0,523.7
10460.0,514.8
10465.0,541.6
10470.0,523.0
10475.0,520.7
10480.0,565.5
10485.0,514.2
10490.0,465.3
10495.0,449.6
10500.0,502.6
10505.0,448.3
10510.0,514.1
10515.0,521.3
10520.0,463.1
10525.0,456.0
10530.0,474.0
10535.0,476.4
10540.0,498.6
10545.0,534.6
10550.0,451.2
10555.0,462.0
10560.0,540.5
10565.0,481.4
10570.0,462.9
10575.0,558.0
10580.0,522.8
10585.0,527.0
10590.0,457.8
10595.0,525.8
10600.0,442.1
10605.0,453.9
10610.0,544.8
10615.0,457.9
10620.0,470.3
10625.0,434.0
10630.0,434.5
10635.0,470.1
10640.0,524.6
10645.0,533.0
10650.0,433.1
10655.0,457.2
10660.0,485.9
10665.0,469.6
10670.0,469.3
10675.0,531.6
10680.0,513.9
10685.0,487.3
10690.0,520.5
10695.0,455.5
10700.0,498.2
10705.0,471.1
10710.0,453.7
10715.0,495.6
10720.0,530.8
10725.0,533.2
10730.0,439.9
10735.0,486.4
10740.0,524.1
10745.0,442.6
10750.0,511.6
10755.0,508.3
10760.0,518.3
10765.0,475.4
10770.0,433.5
10775.0,422.4
10780.0,495.8
10785.0,471.2
10790.0,448.3
10795.0,465.5
10800.0,525.9
10805.0,416.8
10810.0,435.3
10815.0,417.2
10820.0,507.1
10825.0,520.1
10830.0,459.5
10835.0,518.7
10840.0,509.1
10845.0,419.7
10850.0,478.1
10855.0,467.7
10860.0,485.4
10865.0,502.0
10870.0,441.6
10875.0,500.6
10880.0,415.2
10885.0,415.7
10890.0,471.7
10895.0,460.7
10900.0,425.5
10905.0,457.9
10910.0,413.9
10915.0,460.6
10920.0,416.7
10925.0,437.2
10930.0,437.7
10935.0,514.2
10940.0,412.8
10945.0,403.7
10950.0,491.4
10955.0,485.7
10960.0,506.1
10965.0,452.3
10970.0,448.9
10975.0,422.7
10980.0,480.6
10985.0,477.9
10990.0,462.9
10995.0,507.2
11000.0,508.9
11005.0,486.5
11010.0,455.0
11015.0,472.2
11020.0,458.3
11025.0,410.0
11030.0,395.5
11035.0,478.4
11040.0,435.5
11045.0,405.4
11050.0,389.3
11055.0,437.0
11060.0,424.3
11065.0,425.0
11070.0,384.3
11075.0,415.8
11080.0,441.4
11085.0,409.2
11090.0,457.0
11095.0,392.0
11100.0,398.4
11105.0,378.8
11110.0,493.6
11115.0,377.6
11120.0,412.9
11125.0,427.3
11130.0,388.6
11135.0,452.6
11140.0,452.1
11145.0,393.2
11150.0,464.4
11155.0,446.4
11160.0,373.3
11165.0,465.4
11170.0,369.7
11175.0,436.7
11180.0,485.1
11185.0,399.8
11190.0,380.9
11195.0,427.8
11200.0,443.9
11205.0,389.3
11210.0,396.3
11215.0,461.0
11220.0,411.0
11225.0,446.4
11230.0,464.9
11235.0,409.8
11240.0,379.4
11245.0,376.7
11250.0,410.9
11255.0,381.9
11260.0,415.8
11265.0,424.7
11270.0,407.4
11275.0,438.4
11280.0,402.7
11285.0,363.3
11290.0,365.1
11295.0,466.0
11300.0,364.6
11305.0,396.8
11310.0,391.8
11315.0,384.1
11320.0,372.9
11325.0,427.1
11330.0,374.1
11335.0,381.7
11340.0,457.8
11345.0,380.9
11350.0,385.1
11355.0,399.5
11360.0,351.4
11365.0,417.1
11370.0,403.7
11375.0,351.6
11380.0,353.5
11385.0,357.9
11390.0,439.1
11395.0,421.8
11400.0,356.9
11405.0,376.3
11410.0,446.5
11415.0,448.9
11420.0,344.6
11425.0,393.0
11430.0,375.1
11435.0,384.2
11440.0,421.7
11445.0,403.6
11450.0,425.3
11455.0,411.5
11460.0,378.1
11465.0,339.9
11470.0,370.5
11475.0,449.5
11480.0,449.0
11485.0,363.0
11490.0,387.4
11495.0,347.6
11500.0,351.3
11505.0,375.6
11510.0,340.8
11515.0,443.8
11520.0,374.1
11525.0,397.0
11530.0,406.4
11535.0,422.2
11540.0,441.3
11545.0,416.7
11550.0,349.0
11555.0,336.5
11560.0,373.2
11565.0,369.3
11570.0,433.7
11575.0,372.4
11580.0,422.6
11585.0,328.8
11590.0,339.2
11595.0,342.3
11600.0,341.2
11605.0,389.6
11610.0,387.7
11615.0,323.6
11620.0,329.5
11625.0,423.0
11630.0,397.0
11635.0,325.9
11640.0,341.6
11645.0,312.8
11650.0,318.9
11655.0,413.3
11660.0,361.5
11665.0,359.5
11670.0,418.2
11675.0,305.3
11680.0,384.6
11685.0,410.7
11690.0,363.4
11695.0,402.2
11700.0,310.4
11705.0,368.0
11710.0,411.0
11715.0,356.5
11720.0,393.0
11725.0,303.0
11730.0,334.0
11735.0,368.3
11740.0,311.3
11745.0,350.1
11750.0,410.0
11755.0,339.1
11760.0,358.8
11765.0,410.8
11770.0,349.8
11775.0,323.7
11780.0,295.5
11785.0,296.5
11790.0,358.7
11795.0,310.5
11800.0,385.6
11805.0,393.4
11810.0,357.4
11815.0,378.3
11820.0,297.0
11825.0,400.2
11830.0,319.9
11835.0,341.9
11840.0,357.3
11845.0,341.6
11850.0,377.2
11855.0,320.5
11860.0,322.9
11865.0,373.3
11870.0,388.7
11875.0,306.2
11880.0,285.0
11885.0,390.5
11890.0,323.5
11895.0,307.9
11900.0,375.2
11905.0,300.4
11910.0,390.4
11915.0,304.6
11920.0,343.4
11925.0,326.1
11930.0,285.9
11935.0,363.4
11940.0,348.0
11945.0,371.1
11950.0,362.2
11955.0,357.8
11960.0,282.9
11965.0,338.5
11970.0,287.5
11975.0,280.4
11980.0,353.7
11985.0,264.1
11990.0,298.2
11995.0,324.8
12000.0,321.1
12005.0,304.7
12010.0,273.8
12015.0,282.1
12020.0,372.3
12025.0,302.6
12030.0,274.8
12035.0,288.7
12040.0,276.6
12045.0,331.0
12050.0,255.7
12055.0,293.7
12060.0,327.4
12065.0,357.0
12070.0,325.2
12075.0,302.4
12080.0,345.9
12085.0,265.6
12090.0,350.7
12095.0,350.1
12100.0,285.1
12105.0,358.6
12110.0,253.1
12115.0,269.7
12120.0,286.3
12125.0,308.0
12130.0,285.2
12135.0,253.6
12140.0,269.0
12145.0,306.4
12150.0,308.6
12155.0,240.3
12160.0,283.4
12165.0,289.5
12170.0,329.6
12175.0,330.7
12180.0,244.9
12185.0,321.9
12190.0,259.5
12195.0,316.3
12200.0,252.3
12205.0,271.5
12210.0,280.1
12215.0,304.5
12220.0,236.5
12225.0,282.5
12230.0,339.5
12235.0,268.3
12240.0,279.5
12245.0,257.6
12250.0,270.0
12255.0,230.0
12260.0,305.5
12265.0,232.4
12270.0,332.3
12275.0,308.9
12280.0,242.5
12285.0,324.9
12290.0,257.0
12295.0,282.8
12300.0,310.2
12305.0,293.0
12310.0,253.6
12315.0,264.4
12320.0,326.7
12325.0,294.1
12330.0,277.0
12335.0,290.3
12340.0,325.6
12345.0,229.2
12350.0,246.3
12355.0,304.6
12360.0,213.3
12365.0,294.7
12370.0,223.5
12375.0,315.1
12380.0,273.2
12385.0,220.5
12390.0,310.2
12395.0,249.8
12400.0,232.7
12405.0,278.1
12410.0,271.4
12415.0,274.4
12420.0,309.8
12425.0,211.2
12430.0,279.0
12435.0,278.9
12440.0,296.5
12445.0,304.7
12450.0,238.2
12455.0,212.2
12460.0,296.8
12465.0,275.3
12470.0,242.7
12475.0,205.5
12480.0,198.4
12485.0,227.2
12490.0,301.4
12495.0,260.5
12500.0,224.5
12505.0,216.0
12510.0,228.0
12515.0,213.5
12520.0,206.5
12525.0,212.9
12530.0,245.2
12535.0,198.3
12540.0,299.2
12545.0,299.4
12550.0,204.9
12555.0,183.8
12560.0,271.4
12565.0,292.1
12570.0,210.6
12575.0,260.1
12580.0,270.7
12585.0,195.2
12590.0,269.5
12595.0,225.5
12600.0,179.0
12605.0,227.6
12610.0,249.1
12615.0,275.2
12620.0,277.9
12625.0,189.1
12630.0,174.8
12635.0,221.5
12640.0,250.2
12645.0,238.0
12650.0,275.3
12655.0,282.7
12660.0,188.4
12665.0,176.7
12670.0,239.1
12675.0,241.1
12680.0,186.2
12685.0,175.1
12690.0,192.2
12695.0,185.7
12700.0,232.3
12705.0,231.1
12710.0,247.5
12715.0,241.7
12720.0,198.2
12725.0,167.0
12730.0,255.1
12735.0,224.9
12740.0,159.1
12745.0,270.1
12750.0,182.1
12755.0,198.2
12760.0,191.7
12765.0,147.1
12770.0,190.8
12775.0,261.5
12780.0,237.6
12785.0,159.7
12790.0,219.4
12795.0,254.6
12800.0,220.5
12805.0,221.4
12810.0,216.0
12815.0,227.2
12820.0,144.5
12825.0,245.5
12830.0,169.6
12835.0,232.8
12840.0,150.2
12845.0,152.4
12850.0,200.7
12855.0,176.4
12860.0,211.4
12865.0,236.4
12870.0,137.2
12875.0,188.4
12880.0,213.7
12885.0,195.4
12890.0,165.3
12895.0,237.3
12900.0,231.8
12905.0,216.6
12910.0,220.0
12915.0,183.4
12920.0,142.9
12925.0,130.9
12930.0,178.1
12935.0,212.6
12940.0,203.0
12945.0,133.3
12950.0,195.4
12955.0,209.6
12960.0,188.9
12965.0,121.5
12970.0,234.1
12975.0,120.4
12980.0,198.5
12985.0,198.4
12990.0,201.7
12995.0,151.6
13000.0,124.7
13005.0,195.5
13010.0,122.5
13015.0,143.9
13020.0,137.1
13025.0,175.9
13030.0,174.9
13035.0,192.3
13040.0,175.6
13045.0,155.0
13050.0,220.7
13055.0,116.4
13060.0,168.4
13065.0,211.2
13070.0,131.1
13075.0,101.7
13080.0,108.1
13085.0,204.8
13090.0,112.0
13095.0,173.5
13100.0,153.5
13105.0,177.7
13110.0,131.6
13115.0,148.7
13120.0,141.0
13125.0,147.4
13130.0,175.1
13135.0,205.0
13140.0,169.0
13145.0,193.0
13150.0,97.3
13155.0,198.5
13160.0,126.8
13165.0,152.8
13170.0,172.0
13175.0,160.9
13180.0,109.4
13185.0,128.1
13190.0,127.8
13195.0,173.0
13200.0,174.9
13205.0,92.8
13210.0,107.7
13215.0,94.4
13220.0,181.5
13225.0,165.2
13230.0,159.3
13235.0,95.8
13240.0,101.0
13245.0,92.4
13250.0,70.6
13255.0,93.1
13260.0,166.4
13265.0,85.8
13270.0,142.3
13275.0,81.4
13280.0,138.7
13285.0,105.1
13290.0,136.1
13295.0,110.6
13300.0,67.1
13305.0,72.3
13310.0,75.5
13315.0,169.1
13320.0,69.3
13325.0,123.6
13330.0,109.1
13335.0,73.0
13340.0,158.6
13345.0,101.1
13350.0,85.8
13355.0,159.6
13360.0,139.4
13365.0,129.8
13370.0,91.6
13375.0,157.2
13380.0,75.5
13385.0,120.4
13390.0,155.9
13395.0,71.0
13400.0,120.1
13405.0,123.9
13410.0,111.0
13415.0,144.0
13420.0,78.0
13425.0,154.2
13430.0,65.2
13435.0,141.6
13440.0,150.9
13445.0,51.1
13450.0,101.5
13455.0,116.8
13460.0,68.6
13465.0,130.1
13470.0,96.5
13475.0,77.9
13480.0,75.6
13485.0,37.0
13490.0,53.8
13495.0,96.0
13500.0,142.4
13505.0,29.3
13510.0,71.4
13515.0,109.5
13520.0,134.1
13525.0,125.7
13530.0,40.7
13535.0,77.9
13540.0,105.5
13545.0,68.7
13550.0,109.3
13555.0,84.6
13560.0,108.5
13565.0,124.1
13570.0,47.4
13575.0,89.3
13580.0,105.4
13585.0,75.9
13590.0,46.4
13595.0,73.4
13600.0,82.9
13605.0,45.5
13610.0,60.9
13615.0,23.9
13620.0,58.8
13625.0,34.7
13630.0,66.8
13635.0,94.1
13640.0,21.3
13645.0,18.5
13650.0,53.8
13655.0,54.1
13660.0,82.0
13665.0,41.9
13670.0,15.6
13675.0,0.1
13680.0,30.2
13685.0,105.0
13690.0,61.0
13695.0,73.7
13700.0,43.0
13705.0,84.5
13710.0,34.0
13715.0,109.7
13720.0,56.9
13725.0,11.2
13730.0,-2.2
13735.0,52.8
13740.0,105.5
13745.0,12.7
13750.0,-0.8
13755.0,-16.1
13760.0,94.4
13765.0,30.2
13770.0,47.6
13775.0,-4.1
13780.0,28.9
13785.0,-20.9
13790.0,78.9
13795.0,42.3
13800.0,-1.2
13805.0,-10.3
13810.0,63.3
13815.0,47.3
13820.0,34.3
13825.0,70.8
13830.0,-25.7
13835.0,-8.6
13840.0,-3.5
13845.0,56.1
13850.0,22.9
13855.0,5.1
13860.0,44.9
13865.0,23.0
13870.0,24.6
13875.0,79.2
13880.0,54.4
13885.0,-7.6
13890.0,56.1
13895.0,-22.9
13900.0,24.7
13905.0,-7.0
13910.0,-17.5
13915.0,4.9
13920.0,-15.2
13925.0,-39.1
13930.0,-33.8
13935.0,53.4
13940.0,66.7
13945.0,21.8
13950.0,-48.3
13955.0,-32.2
13960.0,-39.6
13965.0,41.1
13970.0,-37.3
13975.0,10.5
13980.0,-53.5
13985.0,-42.9
13990.0,42.3
13995.0,-20.5
14000.0,-59.8
14005.0,-35.5
14010.0,-44.9
14015.0,21.8
14020.0,12.5
14025.0,-49.2
14030.0,-14.4
14035.0,46.9
14040.0,3.8
14045.0,-34.8
14050.0,-67.9
14055.0,37.9
14060.0,45.3
14065.0,-71.3
14070.0,-39.3
14075.0,-33.9
14080.0,25.8
14085.0,20.2
14090.0,6.0
14095.0,29.9
14100.0,-48.5
14105.0,37.2
14110.0,6.6
14115.0,-8.2
14120.0,-66.4
14125.0,9.5
14130.0,21.5
14135.0,-44.7
14140.0,-16.6
14145.0,-6.7
14150.0,-85.9
14155.0,-83.7
14160.0,-31.1
14165.0,-30.0
14170.0,-81.0
14175.0,-75.1
14180.0,-74.1
14185.0,7.8
14190.0,-85.6
14195.0,-37.5
14200.0,-42.3
14205.0,-17.8
14210.0,8.3
14215.0,-36.8
14220.0,-20.2
14225.0,-43.5
14230.0,-43.7
14235.0,10.4
14240.0,-95.6
14245.0,-82.5
14250.0,-0.5
14255.0,-32.4
14260.0,-12.8
14265.0,-72.9
14270.0,-70.3
14275.0,-50.8
14280.0,-17.8
14285.0,-12.1
14290.0,-23.4
14295.0,-53.6
14300.0,-105.7
14305.0,-115.3
14310.0,-104.6
14315.0,-51.5
14320.0,-87.6
14325.0,-111.5
14330.0,-87.7
14335.0,-85.2
14340.0,-63.1
14345.0,-31.8
14350.0,-67.0
14355.0,-41.7
14360.0,-18.8
14365.0,-15.0
14370.0,-95.7
14375.0,-41.6
14380.0,-31.8
14385.0,-80.8
14390.0,-108.1
14395.0,-94.4
14400.0,-133.5
14405.0,-47.9
14410.0,-19.3
14415.0,-115.6
14420.0,-136.4
14425.0,-88.9
14430.0,-136.2
14435.0,-82.6
14440.0,-101.3
14445.0,-93.5
14450.0,-142.0
14455.0,-90.0
14460.0,-71.1
14465.0,-45.2
14470.0,-53.5
14475.0,-127.5
14480.0,-41.2
14485.0,-108.5
14490.0,-110.3
14495.0,-85.7
14500.0,-36.7
14505.0,-55.6
14510.0,-140.5
14515.0,-62.8
14520.0,-48.5
14525.0,-87.3
14530.0,-122.2
14535.0,-83.8
14540.0,-131.1
14545.0,-95.5
14550.0,-115.0
14555.0,-124.4
14560.0,-47.3
14565.0,-125.6
14570.0,-121.1
14575.0,-101.5
14580.0,-164.3
14585.0,-60.6
14590.0,-84.8
14595.0,-103.9
14600.0,-91.1
14605.0,-144.5
14610.0,-60.8
14615.0,-105.8
14620.0,-113.5
14625.0,-156.1
14630.0,-144.5
14635.0,-87.8
14640.0,-63.2
14645.0,-90.6
14650.0,-89.6
14655.0,-106.7
14660.0,-105.6
14665.0,-158.5
14670.0,-129.5
14675.0,-170.4
14680.0,-77.1
14685.0,-132.9
14690.0,-122.5
14695.0,-123.2
14700.0,-71.1
14705.0,-188.7
14710.0,-162.5
14715.0,-124.0
14720.0,-113.7
14725.0,-139.7
14730.0,-187.2
14735.0,-177.0
14740.0,-182.5
14745.0,-157.0
14750.0,-181.2
14755.0,-82.3
14760.0,-194.9
14765.0,-123.0
14770.0,-171.1
14775.0,-125.0
14780.0,-92.5
14785.0,-104.7
14790.0,-146.9
14795.0,-153.5
14800.0,-110.4
14805.0,-123.8
14810.0,-160.5
14815.0,-163.6
14820.0,-145.8
14825.0,-187.3
14830.0,-139.0
14835.0,-204.3
14840.0,-210.0
14845.0,-122.9
14850.0,-190.8
14855.0,-192.7
14860.0,-193.2
14865.0,-139.5
14870.0,-170.0
14875.0,-117.2
14880.0,-111.4
14885.0,-161.0
14890.0,-162.7
14895.0,-163.1
14900.0,-214.5
14905.0,-209.8
14910.0,-216.7
14915.0,-174.8
14920.0,-121.1
14925.0,-138.1
14930.0,-221.7
14935.0,-172.9
14940.0,-136.3
14945.0,-166.4
14950.0,-146.0
14955.0,-208.5
14960.0,-204.7
14965.0,-183.7
14970.0,-134.4
14975.0,-199.0
14980.0,-196.8
14985.0,-141.6
14990.0,-131.9
14995.0,-168.1
15000.0,-165.7
15005.0,-214.5
15010.0,-177.6
15015.0,-217.3
15020.0,-219.5
15025.0,-200.3
15030.0,-201.9
15035.0,-214.0
15040.0,-217.6
15045.0,-229.2
15050.0,-170.5
15055.0,-162.7
15060.0,-226.3
15065.0,-231.3
15070.0,-263.0
15075.0,-199.8
15080.0,-195.3
15085.0,-170.7
15090.0,-211.7
15095.0,-229.1
15100.0,-230.9
15105.0,-172.6
15110.0,-217.8
15115.0,-215.4
15120.0,-165.0
15125.0,-226.5
15130.0,-266.1
15135.0,-174.4
15140.0,-212.8
15145.0,-277.1
15150.0,-210.7
15155.0,-240.6
15160.0,-273.2
15165.0,-182.8
15170.0,-170.6
15175.0,-278.3
15180.0,-255.5
15185.0,-262.6
15190.0,-215.3
15195.0,-278.2
15200.0,-261.7
15205.0,-275.2
15210.0,-206.9
15215.0,-178.7
15220.0,-203.1
15225.0,-282.0
15230.0,-234.7
15235.0,-264.3
15240.0,-262.9
15245.0,-221.2
15250.0,-203.6
15255.0,-294.9
15260.0,-295.7
15265.0,-208.4
15270.0,-226.1
15275.0,-286.6
15280.0,-191.3
15285.0,-254.8
15290.0,-298.9
15295.0,-250.1
15300.0,-239.9
15305.0,-253.5
15310.0,-291.3
15315.0,-196.5
15320.0,-214.6
15325.0,-205.4
15330.0,-221.1
15335.0,-215.3
15340.0,-254.6
15345.0,-217.6
15350.0,-244.6
15355.0,-222.1
15360.0,-245.1
15365.0,-255.3
15370.0,-227.9
15375.0,-264.4
15380.0,-309.5
15385.0,-221.5
15390.0,-211.7
15395.0,-233.9
15400.0,-322.2
15405.0,-290.7
15410.0,-221.3
15415.0,-304.1
15420.0,-272.8
15425.0,-332.2
15430.0,-227.4
15435.0,-332.9
15440.0,-221.6
15445.0,-300.5
15450.0,-337.0
15455.0,-339.9
15460.0,-287.3
15465.0,-313.5
15470.0,-269.5
15475.0,-324.3
15480.0,-326.3
15485.0,-234.4
15490.0,-271.0
15495.0,-306.5
15500.0,-251.5
15505.0,-285.1
15510.0,-254.1
15515.0,-318.6
15520.0,-337.5
15525.0,-269.6
15530.0,-317.3
15535.0,-262.3
15540.0,-262.0
15545.0,-285.2
15550.0,-255.1
15555.0,-349.2
15560.0,-293.4
15565.0,-305.0
15570.0,-322.6
15575.0,-284.1
15580.0,-338.4
15585.0,-262.3
15590.0,-290.1
15595.0,-262.2
15600.0,-361.8
15605.0,-269.1
15610.0,-272.6
15615.0,-286.8
15620.0,-332.1
15625.0,-341.9
15630.0,-379.7
15635.0,-282.7
15640.0,-283.3
15645.0,-274.1
15650.0,-360.8
15655.0,-273.5
15660.0,-368.1
15665.0,-337.8
15670.0,-325.9
15675.0,-291.3
15680.0,-328.8
15685.0,-372.2
15690.0,-327.5
15695.0,-383.4
15700.0,-335.3
15705.0,-277.4
15710.0,-301.0
15715.0,-346.8
15720.0,-284.5
15725.0,-383.4
15730.0,-329.1
15735.0,-323.8
15740.0,-392.9
15745.0,-379.4
15750.0,-395.6
15755.0,-293.8
15760.0,-315.1
15765.0,-385.2
15770.0,-313.3
15775.0,-314.3
15780.0,-348.4
15785.0,-347.1
15790.0,-320.3
15795.0,-326.4
15800.0,-324.0
15805.0,-316.0
15810.0,-378.6
15815.0,-371.6
15820.0,-368.0
15825.0,-319.9
15830.0,-398.6
15835.0,-307.4
15840.0,-418.1
15845.0,-370.2
15850.0,-344.4
15855.0,-367.5
15860.0,-419.4
15865.0,-400.3
15870.0,-414.9
15875.0,-345.7
15880.0,-321.2
15885.0,-360.1
15890.0,-338.7
15895.0,-424.2
15900.0,-360.1
15905.0,-417.1
15910.0,-408.0
15915.0,-327.0
15920.0,-366.4
15925.0,-354.8
15930.0,-336.5
15935.0,-416.0
15940.0,-404.4
15945.0,-387.5
15950.0,-360.5
15955.0,-354.9
15960.0,-425.1
15965.0,-340.4
15970.0,-382.7
15975.0,-352.6
15980.0,-354.3
15985.0,-423.8
15990.0,-383.0
15995.0,-439.8
16000.0,-406.7
16005.0,-365.0
16010.0,-411.5
16015.0,-419.2
16020.0,-410.7
16025.0,-412.4
16030.0,-425.6
16035.0,-421.7
16040.0,-386.0
16045.0,-458.5
16050.0,-435.8
16055.0,-354.7
16060.0,-365.9
16065.0,-354.9
16070.0,-421.4
16075.0,-414.4
16080.0,-445.0
16085.0,-376.5
16090.0,-423.0
16095.0,-413.3
16100.0,-444.3
16105.0,-473.7
16110.0,-388.4
16115.0,-481.5
16120.0,-396.4
16125.0,-374.7
16130.0,-370.1
16135.0,-468.0
16140.0,-417.3
16145.0,-389.2
16150.0,-409.8
16155.0,-416.8
16160.0,-435.6
16165.0,-425.4
16170.0,-460.6
16175.0,-382.5
16180.0,-424.2
16185.0,-417.6
16190.0,-428.0
16195.0,-500.4
16200.0,-440.1
16205.0,-390.0
16210.0,-453.7
16215.0,-468.6
16220.0,-477.2
16225.0,-411.7
16230.0,-458.2
16235.0,-427.4
16240.0,-475.6
16245.0,-397.5
16250.0,-415.9
16255.0,-404.8
16260.0,-413.2
16265.0,-477.9
16270.0,-493.4
16275.0,-421.7
16280.0,-414.5
16285.0,-430.5
16290.0,-423.7
16295.0,-520.4
16300.0,-441.7
16305.0,-432.2
16310.0,-431.5
16315.0,-502.2
16320.0,-461.5
16325.0,-503.0
16330.0,-500.3
16335.0,-419.4
16340.0,-468.6
16345.0,-480.1
16350.0,-426.9
16355.0,-464.6
16360.0,-465.1
16365.0,-538.8
16370.0,-504.7
16375.0,-461.2
16380.0,-509.6
16385.0,-498.8
16390.0,-500.7
16395.0,-505.3
16400.0,-520.0
16405.0,-449.2
16410.0,-480.4
16415.0,-455.4
16420.0,-518.0
16425.0,-442.8
16430.0,-478.8
16435.0,-535.1
16440.0,-493.8
16445.0,-509.2
16450.0,-549.7
16455.0,-515.8
16460.0,-540.8
16465.0,-448.0
16470.0,-505.9
16475.0,-456.7
16480.0,-504.7
16485.0,-540.7
16490.0,-562.7
16495.0,-452.4
16500.0,-500.0
16505.0,-490.5
16510.0,-560.8
16515.0,-463.3
16520.0,-522.5
16525.0,-492.4
16530.0,-553.4
16535.0,-486.5
16540.0,-567.4
16545.0,-524.6
16550.0,-495.8
16555.0,-490.9
16560.0,-513.5
16565.0,-491.3
16570.0,-557.0
16575.0,-561.6
16580.0,-541.1
16585.0,-559.6
16590.0,-563.7
16595.0,-579.5
16600.0,-566.0
16605.0,-522.3
16610.0,-527.0
16615.0,-573.2
16620.0,-561.9
16625.0,-566.8
16630.0,-502.3
16635.0,-544.2
16640.0,-520.1
16645.0,-515.0
16650.0,-544.9
16655.0,-539.1
16660.0,-570.6
16665.0,-590.9
16670.0,-563.4
16675.0,-529.3
16680.0,-510.3
16685.0,-532.1
16690.0,-518.4
16695.0,-611.0
16700.0,-529.2
16705.0,-502.8
16710.0,-512.2
16715.0,-617.0
16720.0,-572.3
16725.0,-595.0
16730.0,-580.5
16735.0,-538.0
16740.0,-525.4
16745.0,-569.1
16750.0,-593.1
16755.0,-542.8
16760.0,-605.4
16765.0,-529.7
16770.0,-630.4
16775.0,-524.1
16780.0,-613.9
16785.0,-609.5
16790.0,-590.2
16795.0,-539.0
16800.0,-622.1
16805.0,-575.7
16810.0,-536.1
16815.0,-636.5
16820.0,-529.6
16825.0,-645.7
16830.0,-613.5
16835.0,-530.8
16840.0,-592.5
16845.0,-534.7
16850.0,-616.9
16855.0,-652.0
16860.0,-561.8
16865.0,-615.7
16870.0,-563.5
16875.0,-642.7
16880.0,-633.2
16885.0,-555.6
16890.0,-655.1
16895.0,-655.4
16900.0,-569.2
16905.0,-641.9
16910.0,-607.7
16915.0,-596.8
16920.0,-654.7
16925.0,-596.4
16930.0,-673.2
16935.0,-564.5
16940.0,-593.6
16945.0,-669.1
16950.0,-607.8
16955.0,-567.1
16960.0,-673.1
16965.0,-615.0
16970.0,-566.7
16975.0,-671.1
16980.0,-566.8
16985.0,-682.2
16990.0,-687.1
16995.0,-666.1
17000.0,-615.1
17005.0,-664.3
17010.0,-617.2
17015.0,-590.3
17020.0,-594.4
17025.0,-605.9
17030.0,-602.8
17035.0,-625.8
17040.0,-626.2
17045.0,-588.0
17050.0,-614.0
17055.0,-658.7
17060.0,-698.4
17065.0,-591.2
17070.0,-697.6
17075.0,-674.9
17080.0,-630.8
17085.0,-645.3
17090.0,-649.0
17095.0,-671.6
17100.0,-647.8
17105.0,-611.9
17110.0,-709.2
17115.0,-613.4
17120.0,-666.3
17125.0,-622.9
17130.0,-667.7
17135.0,-672.1
17140.0,-662.6
17145.0,-611.3
17150.0,-625.3
17155.0,-667.2
17160.0,-723.0
17165.0,-673.7
17170.0,-726.5
17175.0,-655.0
17180.0,-654.8
17185.0,-620.7
17190.0,-644.4
17195.0,-733.1
17200.0,-694.4
17205.0,-669.7
17210.0,-640.8
17215.0,-668.1
17220.0,-631.2
17225.0,-674.2
17230.0,-652.8
17235.0,-647.1
17240.0,-693.0
17245.0,-677.4
17250.0,-674.1
17255.0,-720.2
17260.0,-684.7
17265.0,-732.3
17270.0,-734.6
17275.0,-641.5
17280.0,-652.9
17285.0,-717.6
17290.0,-749.8
17295.0,-674.7
17300.0,-742.8
17305.0,-700.4
17310.0,-689.7
17315.0,-655.1
17320.0,-724.0
17325.0,-750.8
17330.0,-699.7
17335.0,-751.0
17340.0,-693.2
17345.0,-764.0
17350.0,-759.2
17355.0,-765.5
17360.0,-764.8
17365.0,-735.7
17370.0,-750.2
17375.0,-721.0
17380.0,-708.0
17385.0,-717.9
17390.0,-695.1
17395.0,-693.0
17400.0,-777.4
17405.0,-742.8
17410.0,-727.7
17415.0,-684.4
17420.0,-764.4
17425.0,-685.7
17430.0,-726.5
17435.0,-735.2
17440.0,-779.8
17445.0,-695.6
17450.0,-733.6
17455.0,-776.6
17460.0,-755.3
17465.0,-793.8
17470.0,-745.8
17475.0,-727.4
17480.0,-703.7
17485.0,-700.3
17490.0,-709.2
17495.0,-747.9
17500.0,-724.2
17505.0,-774.9
17510.0,-695.7
17515.0,-749.8
17520.0,-778.3
17525.0,-722.5
17530.0,-767.1
17535.0,-739.9
17540.0,-797.3
17545.0,-790.5
17550.0,-818.1
17555.0,-824.5
17560.0,-782.8
17565.0,-718.3
17570.0,-801.0
17575.0,-726.6
17580.0,-802.4
17585.0,-779.9
17590.0,-825.7
17595.0,-798.0
17600.0,-812.1
17605.0,-828.9
17610.0,-730.3
17615.0,-822.4
17620.0,-747.9
17625.0,-758.3
17630.0,-792.8
17635.0,-820.4
17640.0,-835.6
17645.0,-742.3
17650.0,-790.9
17655.0,-754.6
17660.0,-821.9
17665.0,-809.3
17670.0,-777.0
17675.0,-757.5
17680.0,-804.8
17685.0,-739.9
17690.0,-760.6
17695.0,-762.5
17700.0,-844.7
17705.0,-836.9
17710.0,-784.9
17715.0,-837.7
17720.0,-788.7
17725.0,-751.6
17730.0,-862.5
17735.0,-804.9
17740.0,-825.4
17745.0,-865.3
17750.0,-818.5
17755.0,-826.9
17760.0,-857.7
17765.0,-809.8
17770.0,-797.1
17775.0,-807.8
17780.0,-839.7
17785.0,-776.5
17790.0,-777.4
17795.0,-777.1
17800.0,-804.6
17805.0,-837.5
17810.0,-819.6
17815.0,-776.0
17820.0,-855.7
17825.0,-871.9
17830.0,-811.5
17835.0,-894.9
17840.0,-827.3
17845.0,-887.3
17850.0,-833.4
17855.0,-866.3
17860.0,-877.9
17865.0,-810.3
17870.0,-797.2
17875.0,-899.8
17880.0,-819.3
17885.0,-839.7
17890.0,-862.3
17895.0,-830.4
17900.0,-827.0
17905.0,-816.1
17910.0,-883.0
17915.0,-860.1
17920.0,-862.7
17925.0,-856.5
17930.0,-912.4
17935.0,-807.1
17940.0,-907.2
17945.0,-876.3
17950.0,-843.4
17955.0,-897.2
17960.0,-824.1
17965.0,-897.2
17970.0,-843.0
17975.0,-870.5
17980.0,-915.2
17985.0,-922.7
17990.0,-843.4
17995.0,-820.6
18000.0,-837.5
18005.0,-911.5
18010.0,-877.4
18015.0,-927.9
18020.0,-944.5
18025.0,-923.1
18030.0,-867.9
18035.0,-910.2
18040.0,-915.5
18045.0,-928.0
18050.0,-842.2
18055.0,-914.0
18060.0,-879.7
18065.0,-941.7
18070.0,-880.3
18075.0,-856.9
18080.0,-899.3
18085.0,-947.9
18090.0,-885.5
18095.0,-939.5
18100.0,-851.7
18105.0,-956.6
18110.0,-892.0
18115.0,-855.2
18120.0,-909.8
18125.0,-934.6
18130.0,-879.7
18135.0,-872.2
18140.0,-862.3
18145.0,-916.1
18150.0,-915.3
18155.0,-905.2
18160.0,-925.0
18165.0,-887.6
18170.0,-868.3
18175.0,-895.6
18180.0,-942.8
18185.0,-932.1
18190.0,-886.7
18195.0,-878.1
18200.0,-921.9
18205.0,-960.1
18210.0,-903.7
18215.0,-943.3
18220.0,-940.3
18225.0,-948.2
18230.0,-903.5
18235.0,-969.9
18240.0,-992.3
18245.0,-928.2
18250.0,-895.6
18255.0,-898.9
18260.0,-982.3
18265.0,-953.5
18270.0,-956.0
18275.0,-916.8
18280.0,-1000.9
18285.0,-983.5
18290.0,-940.9
18295.0,-1007.4
18300.0,-918.4
18305.0,-949.1
18310.0,-907.2
18315.0,-1002.5
18320.0,-908.6
18325.0,-1016.1
18330.0,-1006.7
18335.0,-994.1
18340.0,-1027.7
18345.0,-979.6
18350.0,-947.3
18355.0,-924.4
18360.0,-945.6
18365.0,-943.7
18370.0,-951.3
18375.0,-932.6
18380.0,-1029.8
18385.0,-967.9
18390.0,-997.0
18395.0,-964.4
18400.0,-986.0
18405.0,-941.7
18410.0,-1024.6
18415.0,-1025.5
18420.0,-995.6
18425.0,-975.0
18430.0,-1005.7
18435.0,-1022.2
18440.0,-961.9
18445.0,-965.9
18450.0,-972.0
18455.0,-986.1
18460.0,-997.3
18465.0,-968.5
18470.0,-957.4
18475.0,-1052.3
18480.0,-1027.8
18485.0,-964.6
18490.0,-969.5
18495.0,-953.8
18500.0,-1011.1
18505.0,-954.5
18510.0,-1003.5
18515.0,-1018.8
18520.0,-987.2
18525.0,-1007.0
18530.0,-1031.9
18535.0,-1021.7
18540.0,-1079.9
18545.0,-1067.0
18550.0,-1059.0
18555.0,-1028.7
18560.0,-1070.7
18565.0,-1070.7
18570.0,-1066.2
18575.0,-1069.7
18580.0,-1067.1
18585.0,-1015.4
18590.0,-1031.4
18595.0,-997.7
18600.0,-1084.5
18605.0,-1074.5
18610.0,-1018.9
18615.0,-1018.9
18620.0,-1029.3
18625.0,-1087.2
18630.0,-1022.5
18635.0,-991.2
18640.0,-1097.5
18645.0,-1084.2
18650.0,-1101.2
18655.0,-1016.9
18660.0,-1109.5
18665.0,-1026.5
18670.0,-1010.1
18675.0,-1050.6
18680.0,-1033.3
18685.0,-1065.3
18690.0,-1026.7
18695.0,-1019.6
18700.0,-1097.0
18705.0,-1050.1
18710.0,-1087.0
18715.0,-1025.5
18720.0,-1090.3
18725.0,-1118.8
18730.0,-1094.3
18735.0,-1089.2
18740.0,-1127.4
18745.0,-1051.3
18750.0,-1088.3
18755.0,-1022.9
18760.0,-1036.0
18765.0,-1128.5
18770.0,-1047.4
18775.0,-1031.5
18780.0,-1034.4
18785.0,-1054.1
18790.0,-1040.7
18795.0,-1115.2
18800.0,-1057.5
18805.0,-1103.9
18810.0,-1100.8
18815.0,-1134.7
18820.0,-1096.3
18825.0,-1151.3
18830.0,-1143.1
18835.0,-1050.1
18840.0,-1129.2
18845.0,-1103.5
18850.0,-1109.9
18855.0,-1092.2
18860.0,-1128.2
18865.0,-1062.8
18870.0,-1095.7
18875.0,-1077.1
18880.0,-1094.8
18885.0,-1060.9
18890.0,-1095.6
18895.0,-1104.1
18900.0,-1144.8
18905.0,-1145.8
18910.0,-1139.4
18915.0,-1097.8
18920.0,-1173.1
18925.0,-1169.6
18930.0,-1152.3
18935.0,-1141.1
18940.0,-1193.0
18945.0,-1075.7
18950.0,-1083.1
18955.0,-1187.9
18960.0,-1119.1
18965.0,-1095.9
18970.0,-1169.7
18975.0,-1172.9
18980.0,-1168.4
18985.0,-1174.4
18990.0,-1121.5
18995.0,-1121.4
19000.0,-1190.5
19005.0,-1158.6
19010.0,-1134.0
19015.0,-1159.8
19020.0,-1122.1
19025.0,-1196.4
19030.0,-1101.2
19035.0,-1119.6
19040.0,-1125.1
19045.0,-1211.1
19050.0,-1168.1
19055.0,-1143.8
19060.0,-1113.9
19065.0,-1205.8
19070.0,-1193.8
19075.0,-1167.9
19080.0,-1205.3
19085.0,-1184.8
19090.0,-1198.2
19095.0,-1166.7
19100.0,-1129.2
19105.0,-1140.8
19110.0,-1222.7
19115.0,-1141.4
19120.0,-1124.4
19125.0,-1167.1
19130.0,-1231.8
19135.0,-1209.6
19140.0,-1145.8
19145.0,-1198.3
19150.0,-1167.2
19155.0,-1134.2
19160.0,-1229.1
19165.0,-1237.3
19170.0,-1174.9
19175.0,-1192.3
19180.0,-1209.9
19185.0,-1159.4
19190.0,-1147.4
19195.0,-1187.7
19200.0,-1255.0
19205.0,-1240.5
19210.0,-1248.7
19215.0,-1240.4
19220.0,-1186.5
19225.0,-1249.4
19230.0,-1175.8
19235.0,-1201.1
19240.0,-1191.0
19245.0,-1242.4
19250.0,-1237.6
19255.0,-1178.2
19260.0,-1187.1
19265.0,-1241.3
19270.0,-1191.1
19275.0,-1244.7
19280.0,-1214.6
19285.0,-1182.6
19290.0,-1215.1
19295.0,-1184.5
19300.0,-1208.1
19305.0,-1187.0
19310.0,-1285.2
19315.0,-1220.7
19320.0,-1198.2
19325.0,-1276.9
19330.0,-1258.0
19335.0,-1285.7
19340.0,-1301.4
19345.0,-1305.4
19350.0,-1205.4
19355.0,-1234.4
19360.0,-1261.6
19365.0,-1220.8
19370.0,-1244.7
19375.0,-1280.0
19380.0,-1265.9
19385.0,-1230.8
19390.0,-1234.8
19395.0,-1223.1
19400.0,-1299.8
19405.0,-1231.7
19410.0,-1283.9
19415.0,-1258.7
19420.0,-1315.6
19425.0,-1224.5
19430.0,-1243.5
19435.0,-1218.3
19440.0,-1233.3
19445.0,-1254.5
19450.0,-1297.6
19455.0,-1306.5
19460.0,-1300.1
19465.0,-1339.5
19470.0,-1334.7
19475.0,-1344.1
19480.0,-1278.9
19485.0,-1295.3
19490.0,-1246.1
19495.0,-1236.4
19500.0,-1289.6
19505.0,-1285.3
19510.0,-1235.8
19515.0,-1292.7
19520.0,-1253.9
19525.0,-1264.6
19530.0,-1282.4
19535.0,-1284.9
19540.0,-1245.6
19545.0,-1327.5
19550.0,-1284.4
19555.0,-1367.1
19560.0,-1279.5
19565.0,-1316.7
19570.0,-1302.9
19575.0,-1349.7
19580.0,-1353.7
19585.0,-1301.1
19590.0,-1266.5
19595.0,-1310.3
19600.0,-1349.2
19605.0,-1360.8
19610.0,-1352.5
19615.0,-1285.8
19620.0,-1315.3
19625.0,-1291.1
19630.0,-1299.3
19635.0,-1380.3
19640.0,-1317.6
19645.0,-1368.3
19650.0,-1307.7
19655.0,-1376.8
19660.0,-1395.6
19665.0,-1369.8
19670.0,-1304.0
19675.0,-1367.0
19680.0,-1352.6
19685.0,-1370.2
19690.0,-1289.9
19695.0,-1319.3
19700.0,-1364.9
19705.0,-1317.0
19710.0,-1403.8
19715.0,-1361.3
19720.0,-1412.8
19725.0,-1378.4
19730.0,-1406.0
19735.0,-1401.4
19740.0,-1315.4
19745.0,-1373.6
19750.0,-1326.2
19755.0,-1379.0
19760.0,-1396.3
19765.0,-1427.1
19770.0,-1365.4
19775.0,-1349.3
19780.0,-1394.1
19785.0,-1371.5
19790.0,-1328.5
19795.0,-1414.7
19800.0,-1383.0
19805.0,-1400.1
19810.0,-1393.9
19815.0,-1429.3
19820.0,-1433.6
19825.0,-1348.9
19830.0,-1341.5
19835.0,-1434.6
19840.0,-1332.9
19845.0,-1446.7
19850.0,-1372.1
19855.0,-1438.0
19860.0,-1343.1
19865.0,-1453.6
19870.0,-1401.1
19875.0,-1378.1
19880.0,-1395.8
19885.0,-1382.6
19890.0,-1391.4
19895.0,-1371.2
19900.0,-1432.6
19905.0,-1467.5
19910.0,-1374.5
19915.0,-1407.5
19920.0,-1389.1
19925.0,-1453.9
19930.0,-1443.3
19935.0,-1363.5
19940.0,-1410.9
19945.0,-1425.1
19950.0,-1469.8
19955.0,-1474.2
19960.0,-1382.9
19965.0,-1376.1
19970.0,-1396.4
19975.0,-1432.4
19980.0,-1432.3
19985.0,-1387.8
19990.0,-1442.9
19995.0,-1473.1
